Id,Solution
1,1
2,0
3,1
4,0
5,0
6,0
7,0
8,1
9,0
10,0
11,0
12,1
13,1
14,1
15,0
16,1
17,0
18,0
19,0
20,0
21,0
22,1
23,0
24,0
25,1
26,1
27,1
28,0
29,1
30,0
31,1
32,1
33,1
34,1
35,0
36,0
37,0
38,0
39,0
40,1
41,1
42,1
43,0
44,1
45,0
46,0
47,1
48,0
49,0
50,0
51,0
52,1
53,0
54,0
55,1
56,0
57,1
58,1
59,1
60,1
61,0
62,0
63,1
64,1
65,1
66,1
67,0
68,1
69,1
70,1
71,1
72,1
73,1
74,1
75,0
76,0
77,1
78,1
79,1
80,0
81,0
82,0
83,0
84,1
85,0
86,1
87,1
88,0
89,0
90,0
91,1
92,0
93,0
94,0
95,1
96,1
97,0
98,0
99,1
100,0
101,1
102,0
103,1
104,1
105,0
106,1
107,1
108,0
109,1
110,0
111,0
112,1
113,0
114,1
115,0
116,1
117,1
118,0
119,0
120,1
121,0
122,1
123,0
124,1
125,0
126,1
127,1
128,0
129,0
130,0
131,0
132,1
133,0
134,1
135,0
136,0
137,1
138,0
139,0
140,0
141,0
142,1
143,1
144,1
145,0
146,1
147,0
148,1
149,1
150,1
151,0
152,0
153,1
154,0
155,0
156,1
157,1
158,0
159,0
160,1
161,1
162,1
163,1
164,1
165,0
166,1
167,1
168,0
169,0
170,1
171,0
172,1
173,0
174,1
175,1
176,1
177,0
178,0
179,1
180,1
181,0
182,0
183,0
184,1
185,1
186,1
187,1
188,1
189,0
190,1
191,1
192,0
193,1
194,1
195,0
196,1
197,0
198,0
199,0
200,0
201,0
202,0
203,1
204,1
205,1
206,1
207,0
208,1
209,1
210,0
211,1
212,0
213,1
214,0
215,0
216,0
217,0
218,0
219,1
220,0
221,0
222,1
223,0
224,0
225,0
226,0
227,1
228,0
229,1
230,0
231,0
232,0
233,0
234,0
235,1
236,0
237,0
238,1
239,0
240,1
241,1
242,0
243,1
244,1
245,0
246,1
247,0
248,0
249,1
250,0
251,0
252,0
253,1
254,1
255,1
256,0
257,1
258,0
259,1
260,1
261,0
262,0
263,1
264,1
265,1
266,0
267,1
268,1
269,0
270,0
271,0
272,0
273,0
274,1
275,0
276,0
277,0
278,0
279,1
280,1
281,0
282,1
283,1
284,1
285,1
286,0
287,0
288,0
289,1
290,1
291,1
292,0
293,0
294,1
295,1
296,1
297,0
298,0
299,1
300,0
301,0
302,1
303,1
304,1
305,0
306,0
307,0
308,0
309,1
310,0
311,1
312,0
313,0
314,1
315,1
316,1
317,1
318,0
319,1
320,0
321,0
322,0
323,1
324,0
325,1
326,0
327,1
328,1
329,1
330,0
331,0
332,1
333,0
334,0
335,1
336,1
337,0
338,0
339,0
340,1
341,0
342,0
343,1
344,1
345,1
346,1
347,1
348,0
349,0
350,0
351,0
352,1
353,0
354,1
355,1
356,0
357,1
358,0
359,1
360,1
361,0
362,0
363,0
364,0
365,0
366,0
367,0
368,1
369,0
370,1
371,0
372,0
373,0
374,0
375,0
376,0
377,1
378,1
379,0
380,0
381,0
382,0
383,0
384,1
385,0
386,1
387,0
388,1
389,1
390,0
391,1
392,1
393,1
394,0
395,0
396,0
397,1
398,0
399,1
400,0
401,0
402,0
403,0
404,0
405,0
406,1
407,1
408,1
409,0
410,1
411,0
412,1
413,0
414,0
415,1
416,1
417,0
418,1
419,1
420,1
421,1
422,1
423,0
424,0
425,0
426,0
427,0
428,1
429,1
430,0
431,1
432,0
433,1
434,0
435,1
436,0
437,1
438,0
439,1
440,0
441,1
442,0
443,0
444,0
445,1
446,1
447,0
448,0
449,1
450,1
451,1
452,0
453,1
454,0
455,0
456,0
457,0
458,0
459,0
460,0
461,1
462,1
463,0
464,0
465,1
466,1
467,1
468,0
469,0
470,1
471,0
472,0
473,1
474,1
475,0
476,1
477,1
478,0
479,1
480,0
481,0
482,1
483,0
484,0
485,0
486,0
487,1
488,1
489,0
490,0
491,1
492,1
493,0
494,0
495,0
496,0
497,0
498,0
499,1
500,0
501,0
502,0
503,0
504,1
505,1
506,1
507,1
508,0
509,1
510,1
511,0
512,0
513,1
514,0
515,1
516,1
517,0
518,0
519,0
520,1
521,1
522,1
523,1
524,1
525,1
526,1
527,0
528,1
529,0
530,1
531,0
532,1
533,1
534,1
535,1
536,1
537,0
538,0
539,0
540,1
541,0
542,1
543,0
544,1
545,0
546,1
547,1
548,0
549,1
550,1
551,1
552,0
553,1
554,1
555,0
556,0
557,1
558,1
559,0
560,0
561,0
562,0
563,1
564,0
565,1
566,0
567,1
568,1
569,0
570,1
571,0
572,1
573,0
574,0
575,0
576,0
577,1
578,1
579,0
580,1
581,0
582,0
583,1
584,0
585,0
586,0
587,1
588,1
589,1
590,0
591,1
592,0
593,1
594,0
595,1
596,0
597,1
598,0
599,0
600,0
601,0
602,0
603,1
604,0
605,1
606,0
607,0
608,1
609,1
610,0
611,0
612,1
613,1
614,1
615,0
616,1
617,1
618,1
619,0
620,1
621,0
622,0
623,0
624,0
625,1
626,0
627,0
628,1
629,0
630,1
631,1
632,1
633,0
634,1
635,0
636,0
637,0
638,1
639,1
640,0
641,1
642,0
643,0
644,1
645,0
646,1
647,0
648,0
649,1
650,1
651,1
652,1
653,1
654,1
655,0
656,1
657,0
658,0
659,1
660,0
661,0
662,1
663,0
664,1
665,1
666,0
667,1
668,1
669,0
670,1
671,0
672,1
673,0
674,0
675,0
676,0
677,1
678,0
679,0
680,0
681,0
682,0
683,0
684,1
685,1
686,1
687,1
688,1
689,1
690,1
691,1
692,1
693,0
694,0
695,1
696,0
697,1
698,0
699,1
700,1
701,0
702,0
703,1
704,1
705,0
706,1
707,0
708,1
709,0
710,0
711,1
712,1
713,1
714,1
715,0
716,0
717,1
718,1
719,0
720,0
721,0
722,1
723,0
724,0
725,1
726,0
727,1
728,0
729,0
730,0
731,0
732,1
733,1
734,0
735,0
736,0
737,0
738,1
739,1
740,0
741,0
742,1
743,0
744,1
745,1
746,1
747,0
748,0
749,1
750,1
751,1
752,0
753,1
754,1
755,0
756,1
757,1
758,0
759,0
760,1
761,0
762,0
763,1
764,0
765,1
766,0
767,1
768,0
769,1
770,0
771,0
772,1
773,0
774,1
775,1
776,1
777,0
778,0
779,0
780,1
781,1
782,1
783,0
784,0
785,1
786,1
787,0
788,1
789,1
790,1
791,0
792,0
793,0
794,0
795,1
796,1
797,0
798,1
799,0
800,1
801,0
802,0
803,1
804,0
805,1
806,1
807,0
808,1
809,1
810,0
811,0
812,0
813,1
814,1
815,1
816,0
817,0
818,0
819,0
820,0
821,0
822,0
823,0
824,1
825,0
826,0
827,0
828,1
829,0
830,1
831,0
832,0
833,1
834,1
835,0
836,1
837,0
838,0
839,1
840,0
841,1
842,0
843,0
844,1
845,0
846,1
847,0
848,0
849,1
850,1
851,1
852,0
853,1
854,0
855,1
856,0
857,0
858,0
859,1
860,1
861,0
862,1
863,1
864,0
865,0
866,1
867,1
868,0
869,0
870,1
