16 	 256 	 3.4031
16.5 	 272.25 	 5.05088
17 	 289 	 5.34604
17.5 	 306.25 	 5.51121
18 	 324 	 5.52188
18.5 	 342.25 	 5.59244
19 	 361 	 5.59503
19.5 	 380.25 	 5.53684
20 	 400 	 5.52704
20.5 	 420.25 	 5.45788
21 	 441 	 5.36631
21.5 	 462.25 	 2.5564
22 	 484 	 5.26205
22.5 	 506.25 	 5.28013
23 	 529 	 5.28723
23.5 	 552.25 	 5.18944
24 	 576 	 5.14683
24.5 	 600.25 	 5.09836
25 	 625 	 5.0527
25.5 	 650.25 	 4.89455
26 	 676 	 4.84053
26.5 	 702.25 	 4.8052
27 	 729 	 3.63114
27.5 	 756.25 	 4.74897
28 	 784 	 3.72744
28.5 	 812.25 	 3.83677
29 	 841 	 4.03478
29.5 	 870.25 	 4.46438
30 	 900 	 4.57759
30.5 	 930.25 	 4.87365
